spawns: 
  default: 
    world: world
    x: -2.2704238444061504
    y: 5.0
    z: -148.39222775453135
    yaw: -85.696106
    pitch: 6.7496486
  defualt: 
    world: world
    x: -2.594471848799142
    y: 5.0
    z: -148.32325542418295
    yaw: -88.01837
    pitch: 7.6494784
